STARTING WITH RETAIL VS AVERAGE 



array on which correlation is computed
[-0.979109842078277, 0.89518972995524682, 0.98710444145587062, 0.9969965204192055, 0.97466958959441574, 0.95443498705584451, 0.9923285984592779, 0.97272898014013209, 0.97531766635632755, 0.99939196700786015, 0.92096572187022019, 0.99845745275801956, 0.9988837144085666, 0.84720653226161835, -0.99999999999999978, 0.99173684769717219, 0.9813918154542145, 0.89417671473798688, 0.41777391954749532, 0.95175231151122475, 0.97278996176855781, 0.97603078471102345, 0.97732187784716906, -0.06587326220655601, 0.94288771129528226, 0.99585358957504666, 0.898546268810962, 0.8385015534902448, 0.9895930855039865, 0.99905466161274681, 0.99690412907723569, -0.32224307315094586, -0.97795500324846418, 1.0, 0.95885891845206128, 0.99428634643022451, 0.56445166088795196, 0.99728579934580575, 0.93360194652042194, 0.93502300323301857, 0.99771854663414483, 1.0, 0.94529015864643251, 0.93650539871127914, 0.67699496832329498, 0.82437616950309611, 0.99809052592442482, 0.99857117275746987, 0.99805608961262138, 0.9978388495311078, 0.98958402333534323, 0.79730573756917822, 0.84242980896106268, -1.0, 0.66414535861048829, 1.0, 0.58736117256873022, -0.31659930008127124, 0.90942787871513431, 0.7568149446475726, 0.99778876275610562, 0.9963759626553651, 0.99379070792832025, 0.9970576286905195, 0.57662816853955356, 0.50570970857933939, 0.97014107709512076, 0.92921015506327498, -0.59226751218291451, 0.98586905556866355, 0.99811602607177441, 0.98455856266382358, 0.57170415666764796, 0.9978752990329306, 0.74437950805555231, 0.99640797566333716, 0.94005785912127515, 0.96192514608466084, 0.96881299806966148, 0.99791789526475994, 0.99152401610646723, 0.23112372034599421, 0.5661526933592973, 0.99360034385084262, 0.89145768341106424, 0.73299054492897331, 0.99636723294730034, 0.018076787786885005, 0.86527025351347653, -0.0035533548413757676, -0.91122007609646549, 0.99601515745949254, 0.95881386999030427, 0.99668505754991465, 0.8457170445576343, 0.85649194009159257, 0.82255923295243794, 0.046469243381712898, 0.98715901381367555, 0.99125746756908328, 0.93098006579003079, 0.99801717253911648, 0.99286169239157518, -0.92341562723816062, 0.83968821146061978, 0.99672509394807163, -0.890856168347127, -0.56755380385290299, 0.99923523367606748, -0.83742503740144203, 0.99290565320523505, 0.99933744378688716, 0.89004601108593273, 0.78326433554421937, 0.99649596853352018, 0.9993667918828214, 0.99518856077658235, 0.93692313449214659, 0.99866571132536663, 0.99720650241876019, 0.83681064358728607, 0.98109046576229431, 0.73020870525470294, 0.99540811848520583, 0.99990145063402114, 0.99478050893543291, 0.9990178912381994, 0.92961963958181804, 0.75788982985178766, 0.98349489443991878, -0.17375579649319059, 0.47471267725201666, 0.74709966883908774, 0.9899409896329352, -0.97787336893741106, -0.96348989704854371, 0.75853459572399651, 0.99711737058508887, 0.9967262773565172, 0.9927434401736992, 0.90244545698489842, 0.9959289382674108, 0.95580328353660482, -0.8515146400368715, -0.87690250055478369, 0.8663838101575031, 0.98488434595967767, 0.99423117761822433, 0.95128344183790392, 0.96317898211115405, 0.9991856789104161, 0.99574516055221596, -0.45152038754405815, 0.30130158570455828, 0.8497277823097763, 0.99657377331802421, 0.10258853163712726, 0.99937587134733563, 0.9949029016491745, 0.97224406285805098, 0.40830079598174374, 0.41695356359914976, 0.96776707663448835, 0.95437895983598964, 0.14937152591001965, 0.99448466633453392, 0.76073600281454334, 0.89842207984592759, 0.99038973623337823, 0.72059133251969065, -0.42089707357811834, 0.99791625843360288, 0.99609822379732826, 0.99439081807695506, 0.98356575396228507, -0.13471514768897144, 0.94111505091645198, 0.97623379076189509, 0.95355432090193937, 0.94731887411640647, 0.99525363625835672, 0.87241373513606213, 0.98348647912668208, 0.9976191705538302, 0.61149266436678085, 0.91371553196014721, -0.084145949858263, 0.90279054246245471, 0.99421527719349923, -0.68543830543879425, 0.78571753145305689, 0.98633002100152334, 0.91759388363626293, 0.97156301845991255, 0.99949996061558499, 0.99249136076441291, 0.91729771327830678, 0.97123570389946801, 0.99637548005915244, 0.97792218495861527, 0.99983311656902141, 0.99999629273004098, 0.98534935226335862, 0.98399303584085052, 0.99038539072393172, 0.77029083136678667, 0.85102609261951168, 0.99529103309960432, -0.38440002152765607, 0.9889850029293491, 0.99718005657143427, 0.94881173237437633, 0.66073891017514363, 0.36337753087944569, 0.4844202856247829, 0.99520149699750615, 0.82126977251109401, 0.38148198491826779, -0.052115483719011979, 0.62969159188978419, 0.92582207450325738, 0.078509613153309246, 0.99945948049098043, 0.94984012952600017, 0.99894447546593956, 0.99801875714313015, 0.9911067247716624, -1.0, -1.0, -1.0, -1.0]
Mad Threshold--------------------------
0.889762340405-----1.01910763371
input0GBA.csvinput0GBA.csv input1GBA.csv[1] "coverged after 15 iterations"

array on which correlation is computed
[0.99416941047448593, 0.98318668406093535, 0.95618071546784256, 0.94353023075559228, 0.47421109835753822, 0.92397186071251158, -0.91206248816675106, -0.18731312983334625, -0.65252514263158934, 0.87386217784215492, -0.40618607207805585, 0.98865725746077537, 0.99538192717108553, 0.75405477131487975, 1.0, 0.98939775884084047, -0.8981752456048302, -0.51306435613802814, 0.49559182575298538, 0.9986957524889869, 0.78031967055783025, -0.92759616154328506, 0.069536178934633791, 0.91481704041158374, 0.995555489070585, 0.99753949776767248, 0.99050292490276282, 0.94560233395805748, 0.96762602754836646, 0.9992951292217177, 0.99963277015820085, 0.9723193041204693, 0.9961051730846161, 1.0, 0.92987239050929027, 0.99776567234572089, 0.5820150574846783, 0.99979423252655952, -0.036936557201828438, 0.99104284582265323, 0.99755889401839271, 0.99999999999999989, 0.98563828580643631, 0.97735092617058617, 0.99564478623707275, 0.99897021329629831, 0.99539832521667626, 0.99791850109360936, 0.98212934099499016, 0.9976731318978993, 0.99674613602530271, 0.99163775240469598, 0.23197683489142748, 1.0, 0.97893466824664443, 1.0, 0.97784287421029825, 0.96892511414399463, 0.99997534000148802, 0.98861964714874195, 0.99364374258511212, 0.94484298306750236, 0.99610891306955596, 0.99893431979558911, 0.95615673178645366, 0.85539605261170237, 0.88241992670816216, 0.76367785531086207, 0.98852519388606319, 0.98670789995808383, 0.99294700869181385, 0.99330416343538219, -0.1357222406159958, 0.98092477259471433, 0.89934581534483116, 0.99431667833382786, 0.81436665117653095, 0.75265408807286283, 0.97338016906934666, 0.99895019221089054, 0.97949767326872461, 0.96437842377971728, 0.99082948710927266, 0.96727250487305694, 0.97823284847452729, 0.95573909054593664, -0.15483734422415427, 0.86902502909539192, -0.010979705850200992, 0.86246893154150095, 0.99933524319271561, 0.99921797524228062, 0.92423065741513788, 0.99412766756518411, -0.26459394520740415, -0.77850336547009635, 0.76457027410171641, 0.43362754324289804, -0.49827296741200727, 0.64742368115617932, 0.63277662032453186, 0.99790650909726575, 0.96176736677552621, 0.96672698037090321, 0.99186578745053799, 0.97793543020595552, 0.95996939583501828, 0.93140291542558507, -0.97535208744378132, 0.97724012308010999, 0.99940316203123247, 0.86901527102064047, 0.97715441695131122, 0.99734878002976735, 0.99012404480029814, 0.99932165263782458, 0.98227321320390315, 0.92561452774019448, 0.98203929891413388, 0.99104111620838231, 0.83940549795737773, 0.95366838254359754, 0.9421570007475556, 0.9965219437837346, 0.99987118054470803, 0.99750237079622006, 0.99708255239831933, 0.9807656482628595, 0.99580347886824494, 0.77101772137305458, 0.49343014120919637, 0.068815071846779804, -0.033199292275968344, 0.99549824623916727, 0.9962722408625454, 0.99984733864749364, 0.98023400032092312, 0.99911282843095151, 0.99918474802466994, 0.97960903111793585, 0.99890912748592353, -0.75735641688888933, -0.16521831005760401, 0.99147486481511005, 0.97270758709185223, 0.85430991169858528, 0.92310319774768967, 0.89406741576271676, 0.97566420387740072, -0.026396319715313012, 0.99931024854590234, -0.7713058752197024, 0.99301910984232544, 0.99937502097747855, 0.77943124706406886, -0.89660425898207519, 0.82152933014425966, -0.95974726378922548, 0.93648739639658529, 0.93862411092179454, 0.98545882158897236, 0.72801149923577979, 0.20229366192732318, 0.9573006274154171, 0.9786586067768881, 0.99649786739808999, 0.62085945702599943, 0.23826901503108666, 0.98630938970701076, 0.090730113085851216, 0.71445955174195219, 0.91284441434042074, 0.99649966025054182, 0.94562696038927163, 0.98767075281351147, 0.99262191770862696, 0.40275635694056788, 0.78891032451947585, 0.83106218920149355, -0.83467559061192664, 0.81281953109702476, 0.95715913226557159, 0.99029126184934957, 0.99719125797431729, 0.81142925655714127, 0.59695414566506333, 0.72833504102896884, 0.26573704153955297, 0.76589565789489389, 0.98883227040105304, 0.91737906047054296, -0.020989968373040398, 0.93816917386910648, 0.99093901228316505, 0.9962656599373283, 0.95377137520100996, 0.89073407922050407, 0.95222808681421955, 0.81920507337064319, 0.78965404974423525, 0.71989005790654037, -0.76369562839294924, -0.45098638842830729, 0.8925165822166411, 0.79278410746771943, -0.38090968069687509, -0.18498312778513107, 0.99911056079223537, 0.88411174586302232, 0.97815350031700898, 0.26306091560026484, 0.22791394833891557, 0.84900897519591001, 0.80498748575564327, 0.72669511038374701, 0.9974091731137642, -0.034751357067828455, 0.99091853759929771, 0.94094179256739208, 0.16117485929026665, 0.78574463234993885, 0.75249437507122374, -0.71927073957755061, -0.49050514110192944, 0.99947986260318111, 0.99125333572073726, 0.98703397920695601, -1.0, -1.0, -1.0, -1.0]
Mad Threshold--------------------------
0.891644627956-----1.01983355314
input0GBA.csvinput0GBA.csv input1GBA.csv[1] "coverged after 14 iterations"

END OF RETAIL VS AVERAGE 



STARTING WITH RETAIL VS ARRIVAL 



Threshold value for slope based: -1.05738497599
array on which correlation is computed
[0.26619399870401667, 0.68839452896208708, 0.87680416569139819, -0.60505024697015708, 0.91295032750141303, 0.69493666448643954, 0.50525517070377102, 0.45690396882893819, -0.25066476990759995, 0.26316908124984317, 0.88019258020733426, 0.67391951208584011, 0.51660369528642058, 0.78789828376178095, 0.65288698649645782, 0.69555528800950706, -0.059863228225882609, -0.80820421317945756, 0.72839601225941741, -0.88162588638625239, 0.52261956612233262, 0.92268054857890713, -0.71033186651745572, 0.85577525646745589, 0.81607933869169957, -0.076956230183348892, 0.57646365939626032, -0.70647290502071192, 0.88840932593944111, 0.20216825244095812, 0.69976309904291389, -0.31676726919685977, -0.78585712465422564, 0.022249946204843291, 0.70236138312751539, -0.60023982583835656, 0.52268595332513557, 0.5888517260751206, 0.41312243911001945, -0.5857597352597006, -0.75561176272015074, 0.35234831192255417, 0.70912730906056243, 0.83808797431582926, 0.58502382328944547, -0.8869591370196902, -0.29264293296708327, -0.88281212557357536, 0.42121718565696586, 0.87828012203601546, 0.52715611664787687, 0.78250149334965002, 0.80827400945588812, -0.24587708147824447, -0.65136839700500249, 0.1336472631113097, -0.77002472063658445, 0.43006818002814834, -0.12438996807118453, 0.8065312837080858, 0.67683595093203064, -0.93948678524112883, 0.12075991619803887, -0.17459303924590427, 0.236113264397073, -0.54197954298009865, -0.61628860182102174, -0.69261055946970251, -0.93944912618895748, 0.83463402316110502, -0.40929560611137483, 0.3073634548387244, 0.80998291284186597, -0.38805135925011969, -0.63231230671257233, -0.50918747754582772, 0.47226832490049231, 0.31174661853919833, 0.11256559741889072, -0.70383144073868376, -0.17114145859366645, -0.3714759214502345, -0.58225657931429597, 0.26843136529080819, -0.56532182202631365, 0.9762556510185626, -0.24918031215152767, 0.45005137198700035, 0.31166711643993583, 0.054760308864397422, -0.81632622282357248, 0.81911587344139736, -0.87131323121909088, -0.22176070909995213, 0.64411799588362717, -0.8012379114051098, -0.90685005465002577, -0.83036511261435053, 0.53718912953203579, -0.41039902463900912, -0.79213437040114565, 0.34761904730976334, -0.7841652702344879, -0.63468011595309348, 0.17930177122573346, 0.075596493010611845, 0.12067608196830193, 0.49473682199964408, 0.73430352772392848, 0.62897623692341498, -0.46085744710042392, 0.59615206998959125, -0.56948129350930343, 0.9134806755270074, 0.43283103057125555, 0.35610152249263816, -0.51025933135364232, -0.77484219779883001, 0.8219828851655312, 0.68604390657714098, -0.37695894424048326, 0.049496901476176455, -0.57758572812709752, -0.88295116350915048, -0.66780629654085066, -0.19066776807351574, -0.055976490178965901, 0.70841190317064917, -0.29695528286335204, 0.59687557545203007, 0.68063935114057939, -0.5914854101528243, 0.9509285600683095, -0.73546360283411927, -0.19896605065038869, -0.10614511926813769, -0.84886846953542139, 0.26654576485932857, -0.28442372753325385, -0.8994792999584047, -0.043372693527627626, -0.4135195031286743, 0.95662304741234727, -0.82381472929689092, -0.62590954951107403, -0.82175165732003508, 0.59177562813171192, -0.86084666017091849, 0.15253568012190935, 0.29073015638966487, 0.80852705620634768, -0.89740954120173488, 0.061260314072915018, -0.28778855262978287, 0.84760280123607135, -0.87947100794464528, -0.78270879136703975, 0.79818401926180071, 0.13903349813185853, 0.3125774885010198, 0.22136003037450974, 0.027467292420618794, 0.0069993025207352516, -0.61584483278914903, 0.62206426751613586, 0.015026451691955673, -0.28514494714062316, -0.096686235838985946, -0.16582619896670553, -0.74360620770763453, 0.61945274875560985, -0.18165722342177423, -0.66547533519332414, 0.85219924189319152, -0.020663746053089231, 0.71008517770564772, 0.60514533453594899, 0.55978579702886422, -0.12456125055380135, -0.77971811240305344, 0.42089286995717973, 0.73801097280811623, 0.77607146296302332, -0.58949912260133941, -0.87384785508691987, 0.7510648878488807, 0.45771113925567769, 0.69790461891423572, -0.81169641361598277, 0.31974647685372409, -0.34823759830787498, -0.33582247662656822, -0.3737228345550267, -0.76783700204620142, 0.28449922610457185, -0.37673400160835341, -0.51831566412347518, 0.71319430192150757, -0.46502997717784672, 0.7170418968102733, 0.58522974224453006, -0.16293325353990915, 0.78659800646242373, -0.57980612003610987, -0.74879426464250753, -0.40855020112362656, 0.97573351525935537, 0.87038090973537385, 0.54483004643453548, -0.060877168529914448, 0.11116805818102224, -0.59985319966263495, 0.47073812857129127, -0.48217647898432109, -0.77345999987838188, 0.959294249583443, 0.72268399817836171, -0.6565422443061405, -0.79861314161654129, -0.87066873850118653, 0.11094214141208536, -0.55913278548596712, -0.51384260261635928, -0.66257192543695509, 0.8615793901271187, -0.69294368157643405, 2.1264154512570084e-15, 5.8178525287695965e-16, -4.0008380277357445e-15]
Mad Threshold--------------------------
-0.867034766571-----0.911534658981
input0GBA.csvinput0GBA.csv input1GBA.csv[1] "coverged after 39 iterations"

Threshold value for slope based: -1.00143073648
array on which correlation is computed
[0.78142986949569582, -0.67838647337751401, 0.57925648251195283, -0.82008850965876612, -0.47063482517880412, 0.23698050031256426, -0.38912757864518205, 0.80224872210112863, 0.78181167780960781, -0.99009230477526933, -0.22758812604744266, -0.71149906619921233, 0.080668451404798447, -0.73611196195771844, 0.63402657493078229, -0.96018300483741092, -0.41847304639047539, -0.94407002574703536, 0.30513966679291943, -0.62232749701305545, -0.81746270542097377, 0.55410440146723705, 0.14698661632001947, 0.40736905478770136, -0.56474341348745072, 0.16838433374223657, 0.82896914533783095, 0.56904798151022618, -0.79903630979224782, 0.65250497361459769, -0.61544751372677631, -0.084938346656023761, -0.37494357360366598, -0.66468121094311128, -0.69255842791184496, -0.92567009040838577, -0.66967294781264164, -0.63453328015550303, -0.03465408592017695, -0.29348242387249618, 0.6954127321786655, 0.63551065473290036, -0.82312736159432431, 0.22578751097392288, -0.013140255893010903, -0.75197311963624414, -0.41728719466630193, 0.88107312611920319, 0.033708201148103897, -0.81184626168810448, -0.024705184353129944, -0.59343822684787773, 0.27771826294922586, -0.24250205795950483, 0.50641033758339893, 0.54345954249888384, -0.26209407617836089, -0.61665598950166178, 0.33077161716777254, 0.60528200676850763, -0.38333860479620435, 0.88322430811891373, -0.6135397166798835, -0.72598737454903739, 0.22790627026870644, 0.77224555263600581, -0.53860399996265562, -0.37588252703029396, 0.083478875339019321, -0.073899322825285593, -0.47344084412562443, 0.14143694567328471, -0.22415955392443027, -0.55583931084338589, 0.81527346273208401, -0.70412335599058773, 0.23162862437127107, 0.025463563559610183, 0.79709901129613547, -0.75695846123411448, 0.89477593181413262, -0.51525926103949893, -0.34319070952928593, 0.5904207662840617, -0.45489461840215334, -0.70912189771775769, -0.023472047642616609, 0.13894475212383089, 0.087129920713428538, 0.6039480365782951, -0.93170683643362973, 0.40446969949898143, -0.34784812687269062, 0.50982209949640522, -0.44616518415918521, 0.35586245822522988, 0.38864164211475727, -0.25916982722652315, 0.52985729968259576, -0.22685668370971762, 0.36547526795928886, -0.87852758265936715, -0.63554251445891852, -0.76423520382136623, -0.94588272909250359, -0.75411577805165042, 0.84963536597646161, 0.92764404031518399, 0.78792245067994071, 0.52522911775026815, -0.73058995508324476, 0.48403449759484729, -0.94304415150955967, -0.51987478545683141, -0.053052125035961246, -0.98978219800563028, 0.82579602651213813, 0.71261131342333039, 0.25128952021262291, -0.14960241466954952, -0.39895496700965227, -0.74813558458107465, 0.51561379426740972, -0.6457049658217684, -0.59906268054812684, 0.028930190858958829, 0.67842294698011685, 0.81925999066798738, -0.57702336713760904, 0.43886522731988314, -0.67465893625207729, -0.70814248263879453, -0.34273397748930312, -0.77577688430570035, -0.61777891445850486, 0.23580921269084423, 0.5196162140707733, 0.27077858690021606, 0.33712805268765234, 0.32518940052401313, 0.52556541580882343, 0.70801806153847369, -0.13390541654734003, -0.79610900062272705, 0.5487012224688399, 0.66097333513861456, 0.06531503702918437, 0.076030779164719287, -0.67921209968003804, -0.36043577202932753, -0.83568017634540248, 0.061124683409345008, -0.082066281293720178, 0.030459053618723839, 0.33933828735064997, 0.15437777279242509, -0.43111944620086856, -0.0075212897359763333, 0.72200677318507289, -0.89867883070414056, -0.58538950138758927, 0.4188140709915612, -0.32510929938419086, 0.20827551731854568, -0.59967545439198233, 0.62903309664698537, -0.49987731692668202, 0.57550650603267461, 0.47164262569612114, 0.11863455777484808, 0.88503063993399511, 0.57089263764685028, 0.78499158898800681, -0.66702845695277524, 0.26679389393152342, 0.76654185091959393, 0.58388834538046697, -0.72529478619857002, -0.60097351636314622, 0.43277586280120151, -0.024490171081097391, -0.85714989128680152, -0.37340902798646347, -0.33501097973466709, -0.45481595114060397, 0.22170132257951994, -0.3958310123230655, 0.56548389593205894, -0.46410287360373254, -0.50235123597411024, -0.030868610740525659, 0.219575893646584, 0.80742901626342711, -0.094510633583099454, -0.93158840091783546, 0.95186807173485966, 0.44332532129545538, -0.4438604794001581, 0.34124065936357784, 0.71970094729143397, -0.35133586217493812, -0.77577601526607265, 0.37903650370945258, 0.27659105313184723, -0.66913841571644639, -0.78724168386234028, 0.18595345023984983, -0.83895103923520753, -0.94251738313787459, 0.33503182517672325, 0.38119904851173786, 0.91155528149902632, 0.63173216807619736, -0.83689907017136456, -0.77965364381327706, 0.72615490585294762, 0.54752466941314337, 0.56248299823861025, -0.30051323163916865, 0.57374218163453039, -0.30488771506673101, 0.26119507038356793, -0.047685806005002475, -0.7354525903843474, 0.39828143097554392, -0.31230794060966971, 0.03647559974836094, -9.9731510401580153e-17, -9.4102623409872259e-16, 1.7354632155639878e-15]
Mad Threshold--------------------------
-0.827816901271-----0.779854682547
input0GBA.csvinput0GBA.csv input1GBA.csv[1] "coverged after 30 iterations"

END OF RETAIL VS ARRIVAL 



STARTING WITH RETAIL VS WHOLESALE 



array on which correlation is computed
[0.20861910219596511, 0.98469852091948473, 0.93798228491575408, 0.52692297800381827, 0.75325561336097968, 0.6744726095494139, 0.53641359713440728, -0.41100130311501454, 0.074788856151050756, 0.59574724833592119, 0.86324827860257458, 0.86775583385313215, -0.63031570166678064, 0.13172080501591032, 0.87255374518456785, -0.33030042922465702, -0.61272724266665846, 0.59261885694125671, 0.65749062041402329, 0.98223477489651445, 0.22803374492470072, -0.27570480999229879, -0.40022268429134467, 0.27893304424846549, 0.94634145852393825, 0.8887295632550245, 0.9829885537109313, 0.85312550696593858, 0.880834885849055, 0.91042001638678005, -0.18572505967939604, -0.86799212543890203, 0.909132886894223, -0.36376426254906052, 0.89482391420110186, 0.94331928843066237, 0.97629512674697727, -0.025673970073430284, 0.36611329723399871, 0.82316411719948912, 0.80104413663652774, 0.81217224215237249, -0.69291227776379571, 0.97557603968470663, 0.76156410245312278, 0.96202898659264935, 0.96018588889265366, 0.97317849393664702, 0.96730501440503192, 0.91544025705420495, 0.86117572096473605, 0.39227782308375098, 0.21361879533483802, 0.43579106980168941, 0.92526263321012037, -0.019106861477889658, -0.035521355650496238, 0.68137345319672582, -0.5857381545759488, 0.90975683491516934, 0.61755156114392984, 0.92966636509003187, 0.92475512055670495, 0.54026622395998292, -0.6577710392454591, -0.041994555477091029, 0.87458909584782507, 0.36968275349658647, -0.61367400771323644, 0.91829155680867713, 0.82284985051815407, 0.35283074213478849, 0.92570647704451259, 0.5278249897806786, 0.41090686870328752, 0.661529079932625, 0.1103927345112086, 0.89104543619274001, 0.93007286370278441, 0.90033568571000133, 0.38833036430873819, 0.87939199428623904, 0.89552382086407722, 0.77122385313820041, 0.23925197450029287, -0.68117244883454986, 0.48346137523906946, -0.64851400214653898, -0.89336677526602948, 0.92383763096307148, 0.47451129643570789, 0.8187709750724429, 0.9187679969644077, -0.79617560491773853, 0.95112967213748212, 0.72407317638626489, -0.81251703044677703, 0.95025130688007298, 0.042793412762929722, 0.90787956189425179, 0.93934527168300497, 0.73719284230752213, -0.96759834562097558, 0.2003980843183561, 0.78972179144190768, 0.30810429922027743, 0.98162895861090727, 0.94104184447237105, -0.92327536867388671, 0.88769384964544618, 0.91069768468974166, 0.94685833246390849, 0.91712412043734437, 0.94240513278121385, 0.97556092986766774, 0.97865046070945794, -0.11725244246009348, 0.74014378081155108, 0.99565835573270423, -0.54954737023234257, 0.66488743238567072, 0.14283868063601421, 0.89575741203676063, 0.99167352969321831, 0.96549039551564608, 0.97710376111303909, 0.98405394477733343, -0.63321185613914532, 0.82784969373070316, 0.088002438089280849, 0.43356955997464941, -0.57737045192070857, 0.87389002900379609, -0.98498697980148775, -0.71519150983652779, 0.031664016530213349, 0.95280310362186582, 0.8669809331168743, -0.80022221476997213, 0.89234790652096352, 0.79443802997814561, -0.52410430755991233, -0.45186155124041688, -0.18122140358241209, 0.82842777082195174, 0.86272222508681917, 0.96619535735544171, -0.90413182910071377, 0.47789625001657821, 0.85159517372166227, 0.35983930367811701, 0.51713544075435047, 0.9116479375808223, -0.30143086301724592, 0.010622090499398324, 0.77563202509204565, -0.87076028078142853, 0.86836340397493261, 0.96798496016073143, 0.91816899732790247, -0.92680114273202696, 0.71584923963326419, 0.92208139745448214, -0.91760247753268054, 0.72761038642082088, 0.88188883684296315, -0.7008153257273636, 0.93512167846313055, 0.47578086640035, -0.15924186918433159, -0.86437897055868651, 0.88310155384269662, -0.44361687089696533, 0.91854607949440048, -0.087618962844424775, 0.094298262907120137, -0.55997534407481708, 0.79124120560965028, 0.68423183131187515, 0.5845573831248565, 0.13871655186449364, 0.96169918386961761, 0.93507670035226864, 0.78518869633721278, 0.91029484140969474, -0.60845500481013759, 0.6814326071704373, 0.90459743556396555, -0.97699370818918596, 0.62775416695617059, -0.75730877712030298, 0.76863962041794387, 0.90710220120539276, 0.97907273140446549, 0.8030772094956542, 0.76160319483447025, 0.46762176534522654, 0.85174538859598836, -0.58416665956368186, 0.90187284191839079, -0.6629940569924867, 0.30767146481435648, 0.64740665551069521, 0.90638202724085526, 0.77433573507759756, -0.68331168050492497, 0.94638568867385164, -0.79989704063617129, 0.97488484438234879, -0.14539056243235526, -0.2730030224239563, -0.61105882459360406, -0.71262962561254706, -0.3278945902804139, 0.47790793024126055, -0.9526118214745487, -0.32741004404189061, 0.85851185847503486, -0.40490059037380949, 0.80798235100194549, 0.83098466264717075, -0.83303959668050254, -0.90040869855681316, 0.13567928768010543, 0.88296027166320357, 0.81982086243078967, -0.092552717757866512, 5.2472853745965215e-16, -2.2286045335707544e-15]
Mad Threshold--------------------------
0.281432882995-----1.0813140234
input0GBA.csvinput0GBA.csv input1GBA.csv[1] "coverged after 15 iterations"

array on which correlation is computed
[0.96524250699853498, 0.97328807107558279, 0.94312882015743227, -0.11054969028945062, 0.093244835577408786, 0.96566054142446112, -0.91089170074298653, 0.86236629329403802, -0.7138817170069085, 0.60631791691057724, 0.53661512700932545, 0.95208649307321291, 0.97638669669448963, -0.53647916880973889, 0.51801248702060809, 0.91334260612598495, 0.44017233075527812, -0.96684935730585098, 0.66097088483981814, 0.59434554317463206, 0.2836504762792611, 0.96429971745505871, -0.47808047450891911, 0.83539180361061061, 0.98099324783551833, 0.88024633366785632, 0.94607518213172881, 0.087558032687037823, 0.91433141389193129, 0.96518760129902981, 0.97633711072931662, 0.96760143018435485, 0.8481054957176738, -0.9430576758717002, -0.76596356352085648, 0.86452909826021995, 0.57978561627925085, 0.95567709421470504, 0.70485503157472218, 0.9177648798255984, 0.98409670006918315, 0.97020442598444501, 0.90567261883116024, 0.75390501280482014, 0.59376921085023926, 0.98112258965623045, 0.98239236268876207, 0.97948884432136862, 0.90979950790236819, 0.9269712143781893, 0.40432617498440532, 0.92953102332886972, 0.84289334910933944, 0.88326808079596908, 0.82347324722922732, 0.93143131152156733, 0.82642730679739385, 0.87935850161165674, 0.19110214468666145, 0.29024203326809067, 0.85653722669103161, 0.85895586566816762, 0.97339244459461161, 0.98075909818767726, 0.81430770313265555, 0.11488720453065775, -0.94034073336431323, 0.52256833597498886, 0.22481486994455269, 0.91368411175309949, 0.84666952797991091, 0.86956897360386309, 0.86980006739207527, 0.9684669819633448, 0.16370117557902547, 0.97425167420854142, 0.36406516506925307, 0.83310614898217294, 0.98436862587037866, 0.98233328119618879, 0.95610958360639575, 0.96907995929517465, 0.95550597372362123, 0.14395714530753365, 0.73510427652843746, 0.14708612426784895, 0.58098478688591171, -0.54573265014142835, 0.85254368416075621, -0.54981722871852401, 0.5167045024821989, 0.93640453200922114, 0.93030051371809253, 0.67795758288071906, 0.54341133172542477, 0.74867252696958675, 0.68115925022878765, 0.98459219694277644, -0.84640620522791976, -0.535448908521305, 0.44230362648347404, 0.94683280429150429, 0.95547651864476291, 0.98318235236037776, 0.97522119930892792, 0.9749442065709224, 0.96530052469113647, 0.97788337069124487, -0.093036900862344243, 0.93497574911193326, 0.87766174673131747, 0.90872351427573173, 0.9407103819313698, 0.97781764988282871, 0.99457141287503747, 0.97452434262909859, 0.60430829931806551, -0.36008153175133012, 0.97841150649726494, 0.68466288310018253, 0.92577575155895941, 0.92591180366801362, -0.1107615736347011, 0.9862221258827526, 0.98992323405489291, 0.98177764441509274, 0.98927914637777581, 0.93991464079621911, 0.91713068519051477, 0.94899493987773598, -0.062449162043360346, 0.21682688963965333, 0.63413175196438021, 0.98570006785790232, 0.9895229573493981, 0.99215138530226832, 0.98053831319812756, 0.98642752993172511, 0.66306190334750037, 0.79853017987360209, 0.49814100708962777, -0.92277319215926579, 0.53341464772241198, 0.98083784664682594, 0.98282617895220981, 0.46264666758274664, 0.95118123615537475, 0.50396285408264307, -0.21641745620352174, -0.95851320497658243, 0.98182225281722135, -0.62275121532443722, 0.65844385870444877, -0.20268920031662807, -0.94991579641288804, 0.71979497324897235, 0.9469325380297039, 0.96932733208583988, 0.99239004178497148, -0.081699697517463074, 0.50611970491275282, -0.87470442464272014, 0.24504004944975011, 0.56961367442138977, 0.79089084072073057, 0.59806706972708723, 0.74832083701855245, 0.75162353361617507, 0.8132501430085326, 0.035030597082759331, -0.53315164302109497, 0.94849895346459279, 0.95104011297467195, 0.96162147873649106, 0.96339597373025121, 0.96856241934316167, 0.89751322387359878, 0.93281129006723651, 0.95802342201521684, 0.78939777888421114, -0.97130261511910521, 0.98461042043187808, 0.9923152127364594, 0.98562403076884764, 0.25276521723603956, 0.84073585302961296, 0.90853766175556794, 0.83583058064906779, 0.96777560069913326, 0.59761297134844349, 0.91261938554286781, 0.97345529483788829, 0.98944190597116433, 0.98668368915810312, 0.9602396407971252, 0.76261862830772598, -0.9664678200205582, 0.9385617966936568, 0.83595495660509544, -0.83251046756480085, 0.73958518601382506, -0.72277303974282892, 0.92714259385635633, 0.2359659643828628, 0.68790396389791231, 0.048891099926350427, 0.95401079665379918, 0.97102863630422709, 0.062918202431977113, 0.71515042723850675, 0.56506111959301009, -0.42774028500304545, 0.9483137534932139, 0.089761437844473005, 0.39441898999014524, 0.096036832049682747, 0.93001782516552278, 0.90130258010078812, 0.95706064371222666, 0.34544887842484079, -0.25122658240794421, -0.29899511286690089, -0.20285038812395936, -0.18454167440447203, 0.77992456242578467, 0.94583353522246516, 0.64788570786821464, -8.2278538438781379e-15, 2.4348377934758848e-15, -2.1486854435809089e-15, -2.8543298252347879e-15]
Mad Threshold--------------------------
0.631627293122-----1.04984441294
input0GBA.csvinput0GBA.csv input1GBA.csv[1] "coverged after 13 iterations"

END OF RETAIL VS WHOLESALE 



STARTING WITH WHOLESALE VS ARRIVAL 



Threshold value for slope based: -1.2284247661
array on which correlation is computed
[-0.3276852198185306, 0.68193047814957275, -0.70398124413309027, -0.67381372148735608, -0.041388407534115455, 0.49314118456580275, -0.51652724517879467, 0.17943607948894144, -0.10207259582394984, -0.4431881792657168, 0.81330891346891976, 0.48943206020518887, 0.35604584840211034, -0.48617171333040743, -0.31741970255445778, 0.31495286041628912, -0.30762576704927885, 0.0019859251128923321, 0.87137636683480679, -0.43770594480870606, 0.57562205895620677, -0.2557583161717174, 0.43802656798869927, 0.89649519520265497, 0.88714060979726372, 0.51714766171636772, -0.63809282624418306, -0.514451699724224, 0.80757434434562281, 0.19946765473734643, -0.45951168635326556, -0.23939945695886738, -0.26668449755708679, -0.15994838048171064, 0.66847051936316715, -0.76184856435479997, -0.16116065429915213, 0.36300879045301793, 0.69409145055293087, -0.65258059947357661, -0.10642251922595085, 0.18720939183157334, 0.81818850095991713, 0.84829459991657419, 0.76625120928437129, -0.79234778441406806, -0.18938240458587588, -0.8958313022026545, 0.37692862825880424, 0.91912816449268475, 0.072815703713215454, -0.47154129555759072, -0.74829222720535993, 0.80396111723258767, 0.82170096185015051, 0.098516980796738263, -0.072879633007987277, -0.35004821310765266, -0.66932600221856764, 0.77313599252350373, 0.72148214201178817, -0.97638777900843543, 0.08061591093730465, -0.71809820390395751, -0.20600025386018181, -0.15905065481664996, 0.51441889520717532, -0.34531580519930766, -0.92813516494284998, 0.8962932855158694, 0.17688894543330466, 0.83245669542621392, 0.8479003806386658, -0.35635015395340203, -0.71310003664257315, 0.13759353504310382, -0.80546719113948673, 0.539882167019616, 0.27112255075784003, -0.82768400840478895, 0.73379814027187429, 0.85277463976169898, -0.84694740025393533, -0.11274321152366976, -0.32584147438954925, -0.91532983172192961, 0.56509231353664446, -0.53915499638254838, 0.27014054119469377, -0.22035626700086913, -0.89174402532253672, 0.86913221961463027, -0.3039449315122017, -0.45372374572780866, -0.60236475901111197, 0.66767977539948853, -0.55832320730134255, -0.94735797319918136, 0.18185467900123284, -0.28275521886188132, -0.61134978222633873, 0.35445816906147481, -0.21556952988259645, 0.03150952991965518, 0.30980341258973776, 0.19077125050036312, 0.16231705974556482, 0.74700122117750356, -0.61269232853475952, 0.67391111355110833, -0.5441568099536761, 0.75330498524064748, -0.63506172163091923, 0.89131652240545534, 0.28567247767682979, -0.41266976453146076, 0.3091025667083081, -0.82836308954234394, 0.63272494260568934, 0.70670279017714488, -0.50902533940278327, -0.12587274945663096, -0.64685333885152863, -0.87895009237252475, -0.35639838422001879, -0.16128777894519486, 0.24843244237536394, 0.83380813942530962, 0.32439781264708684, -0.65632164468880849, -0.30918489375821623, -0.68389885082996427, 0.93733144481511388, 0.65676208967229011, 0.38296533053034193, -0.90307438650601768, -0.64373764231792496, 0.28314760991528648, 0.27506740017063697, -0.90321611821735326, 0.54496055040277702, -0.6145708539872381, -0.92585981297503528, 0.74644558738069444, -0.66090151334726455, -0.69511398918762513, -0.41794664264856268, -0.94252245000713741, 0.25464907367980788, -0.50140014771547137, 0.60891400761834469, -0.93044499195086372, -0.31894711519844787, -0.30460481387468952, 0.17128709530223954, -0.56806569508693594, 0.93028543080884718, 0.85684083949973366, 0.36352525054643919, 0.23602513134152239, -0.42377528443098761, -0.29479731966830225, 0.34229284753899941, -0.22151261799631211, 0.69525013296592963, 0.085046369907977232, -0.44743780607849987, 0.26638607844937906, -0.055082243409355851, -0.50121443771704532, 0.48832399891433892, -0.06170741339506422, -0.72247008487667486, 0.81792791570261802, -0.26348660691858805, 0.72858627008975352, -0.0025130995086766802, 0.28685381567206564, -0.55010979114321823, -0.81264714072143962, -0.063762601571758823, 0.59222781777778566, 0.60544190903244721, -0.69405795411490168, -0.85770869667057548, 0.72589247427570158, -0.98643194739956375, -0.59657604211818893, 0.37058763635239872, 0.0072333954993669281, -0.16793760042776565, -0.78426489715954284, -0.43798677311816492, -0.58856479414012508, 0.058774735223948153, -0.0694848586029021, -0.59932376346256788, -0.95134734840613877, 0.51451278544809187, 0.48338564465455719, 0.80071905002467392, -0.87214785251330973, 0.89354494484976488, -0.73891955783863494, -0.58765572475189987, 0.69278310205843752, 0.96256851293476109, 0.8959863525685906, 0.61597875092890386, 0.0013187499832767687, -0.71926562162012619, -0.011726685085273459, -0.82205595934924613, -0.080667730980767308, 0.46753237791233376, -0.64829840235682434, 0.75437482992568727, 0.8172654105510021, -0.80559823623107807, -0.51568906284151406, -0.11225662366484573, -0.55295263695481656, 0.74620167402682502, -0.7628301283978044, 0.75694032088693386, -0.61999134557084956, -0.43143816744009034, 0.2556188293478332, -0.058797656300297825, 0.60099376975180951]
Mad Threshold--------------------------
-0.870957591116-----0.728593099505
